Expected tile ids:
48, 65, 6c, 6c, 6f, 20, 57, 6f, 72, 6c, 64, 21

Expected color attributes:
10, 20, 30, 40, 50, 60, 70, 80, 90, a0, b0, c0

Title data:
33	0	e	e	0	0	63	0	0	e	38	18
33	0	c	c	0	0	63	0	0	c	30	3c
33	1e	c	c	1e	0	63	1e	3b	c	30	3c
3f	33	c	c	33	0	6b	33	6e	c	3e	18
33	3f	c	c	33	0	7f	33	66	c	33	18
33	3	c	c	33	0	77	33	6	c	33	0
33	1e	1e	1e	1e	0	63	1e	f	1e	6e	18
0	0	0	0	0	0	0	0	0	0	0	0


Output color:
0	0	0	ff	ff	0	0	ff	0	0	0	0	0	0	0	0	0	0	0	0	0	d6	d6	d6	0	0	0	0	0	d2	d2	d2	0	0	0	0	0	0	0	0	0	0	0	0	0	0	0	0	0	0	b6	b6	0	0	0	b6	0	0	0	0	0	0	0	0	0	0	0	0	0	0	0	0	0	0	0	0	0	9a	9a	9a	0	0	0	92	92	92	0	0	0	0	0	0	da	da	0	0
0	0	0	ff	ff	0	0	ff	0	0	0	0	0	0	0	0	0	0	0	0	0	d6	d6	0	0	0	0	0	0	d2	d2	0	0	0	0	0	0	0	0	0	0	0	0	0	0	0	0	0	0	0	b6	b6	0	0	0	b6	0	0	0	0	0	0	0	0	0	0	0	0	0	0	0	0	0	0	0	0	0	9a	9a	0	0	0	0	92	92	0	0	0	0	0	0	da	da	da	da	0
0	0	0	ff	ff	0	0	ff	0	0	0	0	d2	d2	d2	d2	0	0	0	0	0	d6	d6	0	0	0	0	0	0	d2	d2	0	0	0	0	0	92	92	92	92	0	0	0	0	0	0	0	0	0	0	b6	b6	0	0	0	b6	0	0	0	0	d0	d0	d0	d0	0	0	0	90	90	90	0	90	0	0	0	0	0	9a	9a	0	0	0	0	92	92	0	0	0	0	0	0	da	da	da	da	0
0	0	0	ff	ff	ff	ff	ff	0	0	0	d2	d2	0	0	d2	0	0	0	0	0	d6	d6	0	0	0	0	0	0	d2	d2	0	0	0	0	92	92	0	0	92	0	0	0	0	0	0	0	0	0	0	b6	b6	0	b6	0	b6	0	0	0	d0	d0	0	0	d0	0	0	90	90	0	90	90	90	0	0	0	0	0	9a	9a	0	0	0	0	92	92	92	92	92	0	0	0	0	da	da	0	0
0	0	0	ff	ff	0	0	ff	0	0	0	d2	d2	d2	d2	d2	0	0	0	0	0	d6	d6	0	0	0	0	0	0	d2	d2	0	0	0	0	92	92	0	0	92	0	0	0	0	0	0	0	0	0	0	b6	b6	b6	b6	b6	b6	0	0	0	d0	d0	0	0	d0	0	0	90	90	0	0	90	90	0	0	0	0	0	9a	9a	0	0	0	0	92	92	0	0	92	0	0	0	0	da	da	0	0
0	0	0	ff	ff	0	0	ff	0	0	0	0	0	0	0	d2	0	0	0	0	0	d6	d6	0	0	0	0	0	0	d2	d2	0	0	0	0	92	92	0	0	92	0	0	0	0	0	0	0	0	0	0	b6	b6	b6	0	b6	b6	0	0	0	d0	d0	0	0	d0	0	0	0	0	0	0	90	90	0	0	0	0	0	9a	9a	0	0	0	0	92	92	0	0	92	0	0	0	0	0	0	0	0
0	0	0	ff	ff	0	0	ff	0	0	0	0	d2	d2	d2	d2	0	0	0	0	d6	d6	d6	d6	0	0	0	0	d2	d2	d2	d2	0	0	0	0	92	92	92	92	0	0	0	0	0	0	0	0	0	0	b6	b6	0	0	0	b6	0	0	0	0	d0	d0	d0	d0	0	0	0	0	0	90	90	90	0	0	0	0	9a	9a	9a	9a	0	0	92	92	0	92	92	92	0	0	0	0	da	da	0	0
0	0	0	0	0	0	0	0	0	0	0	0	0	0	0	0	0	0	0	0	0	0	0	0	0	0	0	0	0	0	0	0	0	0	0	0	0	0	0	0	0	0	0	0	0	0	0	0	0	0	0	0	0	0	0	0	0	0	0	0	0	0	0	0	0	0	0	0	0	0	0	0	0	0	0	0	0	0	0	0	0	0	0	0	0	0	0	0	0	0	0	0	0	0	0	0
